45286
69323
95766
93844
78380
47856
90873
00152
05216
63814
71582
27129
44556
12345
49300
02594
94511
97989
34996
69333
51461
72083
06941
23350
17409
59162
19253
55132
07949
70734
45392
57107
93710
48250
25612
92586
32888
10264
52899
09348
46123
83714
43175
03491
05076
12790
64542
76440
72423
77687
95274
07632
28260
58590
40606
77376
39870
18600
30383
13174
26819
87052
66648
59055
21022
74953
67916
21368
54762
91419
42157
49580
18571
54422
56011
63475
30539
73722
67684
42150
15543
55132
04958
13850
09986
54386
14709
47054
75307
12204
67091
06320
11282
26548
92651
64296
12058
37687
48641
89251