380651
037552
626790
810826
635940
172765
048732
489618
324404
928799
265687
171829
705339
890208
914528
395883
530617
499565
811127
092428
877848
707272
649560
157104
236413
136567
996083
219445
394449
055010
262158
368366
180247
952798
866614
211452
799037
365192
674626
525696
662375
212422
705511
396763
016404
192968
737253
120582
573254
828771
876357
320961
078122
601466
125968
294362
396419
273539
554821
715796
770577
710291
717659
993552
345010
866719
425989
065972
466762
285768
936580
787584
442575
956432
866985
525467
700106
967793
288964
727195
448511
119113
296924
214463
235464
063494
542058
450451
277978
555407
105979
282359
920702
924706
668586
385309
019616
732335
032185
310383