3664065
0455888
5727684
0655093
2001674
1634223
3897902
7210140
1001653
5060559
1358724
0675455
1597872
7213540
8430991
3138249
8517347
3368699
8054357
9382628
5591946
5857376
0246960
5001652
3358052
0736520
1037502
2982920
0936270
6266022
3587888
2136670
2639014
5840199
2284107
3556327
1986540
5525196
7671135
9352666
9040240
0808657
7662449
3916313
0076791
3056677
8550367
6245366
4942907
9042609
5046488
3118709
0646739
1765810
7323635
8818306
3438378
0465556
4031227
8087252
9837443
8321964
0771994
2255869
7240637
7642028
9608946
2310805
0761084
0638112
1514055
4719450
6046254
4412191
0945803
1354351
2401386
6045335
7572077
3981361
7350783
9729502
9903165
5427163
2682578
9750213
7406974
4198489
4305601
0131967
6988104
2366147
5648972
9315919
5178348
2522730
9993809
7470982
9823117
9142567